863
533
331
873
54
953
330
188
693
955
396
46
762
732
700
152
52
277
43
298
744
48
809
772
508
349
789
706
113
637
952
272
941
379
352
216
790
424
756
36
828
766
320
774
495
992
751
4
420
481
683
101
201
278
9
106
957
827
381
617
394
205
443
35
887
721
492
450
915
416
634
745
259
722
771
576
159
198
761
326
535
583
999
427
595
482
498
135
918
402
23
986
94
795
444
458
538
194
342
471
151
947
221
442
578
311
623
469
982
741
345
270
896
933
831
74
714
736
332
782
638
582
814
127
169
819
248
119
415
555
646
880
640
287
250
288
954
515
414
226
67
609
375
793
361
488
500
184
474
925
467
417
164
723
778
920
673
716
265
293
574
191
695
564
97
144
19
547
563
217
233
817
969
620
604
934
455
445
218
690
733
133
105
297
886
158
370
180
45
63
245
195
108
728
702
3
459
388
949
948
300
781
170
945
340
82
72
358
285
499
282
0
506
899
260
579
269
556
168
869
976
398
871
88
580
487
104
486
525
727
818
252
212
777
302
214
65
801
901
371
84
703
102
913
223
938
545
432
93
258
519
527
87
146
262
292
725
32
768
264
648
715
765
306
418
571
757
307
987
351
143
348
622
961
473
374
624
726
163
681
263
737
628
844
802
491
797
614
593
977
867
524
517
656
599
980
662
187
718
639
64
769
137
902
928
428
353
540
283
344
606
206
66
854
839
490
851
175
496
783
122
729
704
890
837
946
607
825
397
752
653
130
322
148
549
633
631
853
96
786
569
391
321
770
341
284
672
931
399
748
575
157
98
312
505
484
308
534
83
859
847
590
367
811
434
587
290
294
780
186
821
255
57
856
406
150
740
18
815
974
173
993
958
448
921
126
116
994
464
824
678
903
476
883
62
472
784
667
611
554
224
11
971
548
447
764
626
588
138
316
743
922
31
530
840
865
409
507
699
889
478
387
426
235
852
882
193
514
390
509
676
705
932
763
118
15
53
512
914
596
572
33
543
577
649
537
279
139
479
655
114
647
29
836
810
413
99
251
34
518
421
437
680
504
485
243
857
451
924
140
347
885
707
334
86
605
803
460
468
463
208
493
182
658
189
325
988
440
318
850
796
909
90
244
878
942
967
561
630
327
731
110
501
792
567
972
746
227
228
393
858
692
433
267
529
103
68
71
281
586
377
566
183
645
842
429
85
75
79
861
51
299
888
7
382
618
210
335
724
829
661
10
870
497
627
26
112
691
822
360
410
100
787
466
546
359
589
758
874
849
813
167
654
643
50
641
521
625
337
124
179
616
241
843
376
944
966
652
309
694
598
356
939
687
197
823
832
619
984
141
204
562
943
329
660
266
120
14
363
280
912
357
142
76
174
91
895
220
16
211
154
665
202
688
927
868
657
956
989
900
489
636
876
419
234
799
937
684
199
708
384
254
313
894
855
275
42
860
881
960
247
615
523
965
454
303
898
962
608
24
456
25
686
749
674
47
132
392
295
333
457
231
95
891
664
671
753
380
675
559
400
364
985
919
594
788
804
668
968
289
776
436
215
892
178
798
893
407
209
536
791
584
176
975
862
531
875
709
129
779
480
117
907
997
328
111
13
553
21
28
585
408
621
834
81
123
864
171
879
89
557
423
385
470
698
315
368
917
291
452
27
897
236
125
526
794
77
149
951
677
207
670
711
820
219
237
383
22
712
346
511
44
136
750
172
1
203
877
412
69
60
973
848
516
720
483
735
273
833
438
597
544
336
742
542
40
978
560
153
475
2
131
134
378
58
964
935
532
600
550
156
650
319
271
717
539
249
389
229
121
404
990
845
268
403
963
522
37
911
503
613
453
274
581
369
5
276
213
950
253
806
513
601
841
239
461
565
30
541
232
261
366
808
80
929
872
257
70
775
238
906
49
866
685
846
835
59
632
301
940
405
395
373
162
669
916
610
446
246
826
225
449
785
710
350
923
830
286
558
666
528
305
338
365
805
343
651
713
354
465
754
324
61
430
477
317
362
78
812
908
838
56
145
884
296
959
991
323
807
314
355
155
161
240
177
635
181
411
8
339
663
372
689
551
107
573
425
115
109
165
612
41
644
160
998
759
603
629
17
192
701
800
755
760
494
592
816
936
570
510
256
739
719
38
431
659
568
747
904
401
128
591
983
230
773
147
767
55
20
200
304
6
310
12
422
905
242
996
92
502
696
73
910
930
166
642
682
926
386
979
185
552
39
697
439
441
602
190
222
435
462
520
730
734
970
679
981
995
196
738
